0 6 0.57603651
0 5 0.89060626
9 5 0.93142351
0 11  0.6996351
1 12 0.85079002
1 10 0.7862373
2 1 0.86876548
3 0 0.73588999
1 0 0.62590477
3 1 0.45012123
3 0 0.72162234
1 0 0.84024331
3 5 1.06102792
3 6 0.61116685
9 5 0.78714111
9 6 0.42354192
10 5 0.8614545
8 8 0.46437153
2 7 2.14683319
3 6 0.88747988
2 5 0.8984717
1 6 0.72328276
9 6 0.66952079
1 7 0.67578307
3 10 0.79370099
2 9 0.54936758
1 10 0.81732449
3 0 0.6900774
2 1 0.85051776
4 1 0.42006186
2 5 0.58465508
3 6 1.11748597
4 5 0.76532288
4 6 0.52102464
3 7 0.91353392
2 6 0.84500883
2 7 2.04431133
3 6 0.9278489
4 7 0.90338532
10 7 0.73319482
10 8 0.56382756
10 5 0.83633229
11 7 0.56926461
8 8 0.784089
10 4 0.68424762
9 3 0.66921673
11 8 0.69414867
10 9 0.55595976
5 0 0.49089511
4 1 0.87148841
3 0 0.89326791
11 7 0.65300438
9 3 0.72355847
3 1 0.67999903
4 0 0.78442567
5 1 0.60623119
4 2 0.72286069
9 5 0.73017613
10 5 0.82912596
10 4 0.57354405
5 5 0.6136431
4 6 0.7284262
9 5 0.74220946
7 3 0.72674434
11 3 0.72634696
6 8 0.55144673
10 7 0.62905804
9 7 0.72615424
10 8 0.73779002
10 6 0.58273344
10 5 0.58153071
7 7 0.77384753
11 8 0.96543594
3 7 0.36410447
7 8 0.79647327
9 11 0.66581069
11 1 0.77136726
11 10 0.70794212
10 5 0.72116009
9 6 0.76019708
9 7 0.65060094
5 6 0.56777916
10 7 0.89877285
11 6 0.59088025
11 7 0.84568925
7 6 0.61086861
11 5 0.62940986
9 6 0.91567685
7 6 0.52047208
11 5 0.82490026
10 7 0.85726787
9 9 0.70495652
7 3 0.58630668
5 1 0.71355534
6 0 0.76417989
4 0 0.82735128
10 7 1.10778748
4 1 0.36451993
9 4 0.58895999
5 3 0.55385959
10 7 0.766524
6 6 0.78865193
7 6 0.69962365
7 8 0.83004358
9 1 0.82303488
9 5 0.69186518
9 6 0.84395211
10 5 0.63115377
8 3 0.64569165
9 4 0.74218097
10 6 0.62232093
6 6 0.42915748
6 8 0.69207141
11 3 0.9736722
9 5 0.73921571
9 6 0.82304597
9 7 0.64978989
10 5 0.74560225
10 7 0.65298676
7 6 0.75772883
11 7 0.56668083
10 8 0.79271408
11 6 0.73261232
7 8 0.35587933
9 9 0.71749829
12 7 0.78139589
7 7 0.68585572
7 9 0.82108495
8 4 0.53711076
9 2 0.739613
11 3 0.77315927
12 5 0.76087609
4 6 0.78497053
5 5 0.69068309
5 7 0.81295387
6 6 0.71965879
9 5 0.70108673
9 7 0.81894052
10 7 0.7547307
10 5 0.74730427
10 8 0.60992872
11 6 0.5959133
10 6 0.71776584
6 7 0.78228282
7 8 0.74929139
9 4 0.76089326
7 5 0.41843354
7 7 0.70561325
12 7 0.6913364
10 10 0.44441159
12 5 0.44905822
10 2 0.65028659
8 10 0.83924072
4 7 0.5697837
5 6 0.86210049
6 7 0.61110175
10 7 0.66264376
9 6 0.70834101
10 5 0.74136932
9 5 0.65102591
5 8 0.7649203
9 7 0.76302322
11 6 0.58299394
10 6 0.80356856
6 6 0.69977806
10 4 0.59673233
6 8 0.58479367
7 8 0.77944816
8 8 0.61276141
9 4 0.63152327
11 7 0.70169694
10 10 0.74523439
12 9 0.44062533
8 4 0.64290103
7 5 0.67240163
7 9 0.66154057
12 7 0.6005785
9 5 0.6956706
9 6 0.84910955
6 7 0.60156422
6 9 0.37485429
5 10 0.73851358
5 8 0.92230077
9 5 1.02715865
9 7 0.52337568
10 7 0.80185514
10 5 0.70754515
10 8 0.38033274
11 7 0.79097457
11 8 0.85325659
9 9 0.61995209
8 3 0.50877803
10 7 0.8003442
9 7 0.79668284
5 1 0.64452139
11 7 0.85274584
11 6 0.76942002
7 6 0.62457479
6 0 0.65892357
5 1 0.80476501
6 2 0.80055705
9 7 0.74870272
9 6 0.8555515
11 6 0.40862831
10 7 0.71514406
10 8 0.86158355
7 2 0.54497218
7 6 0.71930483
10 8 0.5543997
7 4 0.78971007
7 5 0.95045417
10 6 0.53484965
12 7 0.80193893
7 6 0.66601881
6 7 0.64270992
5 6 0.76026785
9 5 0.73862337
10 7 0.70190991
9 7 0.70877558
10 5 0.71593227
9 6 0.73714949
10 8 0.65690477
11 6 0.72486982
10 6 0.72015098
7 7 0.79550413
5 7 0.99067253
10 4 0.53462835
11 8 0.64300652
7 5 0.85452206
10 3 0.54483215
8 4 0.7082043
10 1 0.28306905
10 11 0.73577424
11 3 0.73148849
6 4 0.50653857
5 4 0.76523579
11 0 0.63564923
7 7 0.71925837
5 7 0.66622785
6 6 0.69308753
10 7 0.69547609
9 7 0.70565588
10 5 0.76179636
7 6 0.69620421
10 6 0.72598424
12 7 0.65777733
11 6 0.83121128
5 6 0.67352112
10 8 0.63820831
9 9 0.67598406
9 4 0.60869398
11 5 0.67260498
11 7 0.45771721
8 8 0.78297276
7 5 0.70524194
7 8 0.534658
6 9 0.86181726
6 7 0.73176097
9 7 0.73421364
9 6 0.73628122
10 5 0.58892729
10 6 0.52763326
7 7 0.64774984
10 7 0.60462288
10 8 0.69756874
10 4 0.74860443
5 8 0.70184784
5 7 0.39246695
11 7 0.87437201
8 8 0.57665832
8 7 0.83241048
6 6 0.28766288
5 4 0.82423679
10 7 0.61659724
9 5 0.75223528
7 8 0.80317028
9 6 0.58097336
9 7 0.38180575
10 5 0.82088734
11 6 0.57936665
7 6 0.64296197
7 7 0.72875424
8 8 0.46824352
10 4 0.33404296
11 7 0.89753109
10 5 0.79868046
9 6 0.82017832
10 7 0.58274691
9 3 0.62414117
6 6 0.7312913
8 7 0.54545519
6 11 0.75804475
5 12 0.73652963
10 8 0.90687211
10 7 0.6228142
9 4 0.72331753
11 8 0.55992062
10 5 0.84886383
9 3 0.41102184
10 7 0.82257507
7 0 0.83453991
6 1 0.55983862
7 2 0.73419834
9 6 0.88494218
9 7 0.62173995
8 1 0.66200715
11 6 0.80692844
10 8 0.98167566
6 2 0.39300028
8 2 0.6528148
10 7 0.79642085
10 5 0.67891973
9 7 0.96574991
9 4 0.77387756
11 5 0.34515893
9 6 0.72420496
9 7 0.68310953
9 5 0.5925562
10 7 0.75082824
10 5 0.6719355
7 4 0.7096187
10 8 0.91172893
11 5 0.52077959
7 6 0.76984889
10 6 0.79427202
9 4 0.59990981
7 5 0.62868729
7 3 0.67442766
7 5 0.74954178
9 5 0.54388631
10 6 0.36904346
9 7 0.60234776
8 4 0.71194098
11 6 0.35066734
8 8 0.77971593
10 3 0.59960846
7 6 0.69006941
9 5 0.77148358
9 6 0.77841135
10 5 0.72168749
10 7 0.71264637
9 7 0.68884198
10 8 0.74490415
11 6 0.72826031
10 6 0.725987
12 7 0.64039756
10 10 0.66213836
7 9 0.77723588
9 6 0.67790041
9 5 0.83465352
9 7 0.77163705
7 7 0.62697578
10 5 0.68910245
10 7 0.68876462
7 5 0.65502981
6 6 0.71476052
10 6 0.65639163
10 8 0.56395583
11 7 0.73825532
11 6 0.71065115
9 4 0.71815362
6 7 0.70614653
10 4 0.65506032
8 8 0.63440599
11 8 0.83084228
9 9 0.66962952
10 3 0.62722396
9 8 0.77066624
8 3 0.67824488
12 7 0.3667205
7 9 0.89113393
5 5 0.81772103
15 7 0.68344934
16 7 0.5399191
6 0 0.74425152
7 8 0.72138026
9 5 0.81054703
7 6 0.76128651
6 7 0.62917641
10 7 0.74492903
9 6 0.67527489
9 7 0.60603987
10 5 0.70076538
10 6 0.75269822
10 8 0.78916159
8 8 0.67824535
11 6 0.62858073
8 7 0.7154644
9 4 0.55003225
10 4 0.73909952
10 10 0.72800404
5 7 0.60705941
13 7 0.61286828
9 2 0.24337161
11 3 0.86434817
5 6 0.67700791
7 7 0.72833407
8 8 0.66354323
6 8 0.6850742
9 6 0.6966272
9 5 0.84692232
7 9 0.76764137
10 7 0.70734904
9 7 0.78542668
10 5 0.66993718
10 6 0.87759805
10 8 0.80375685
7 6 0.44781085
11 7 0.52436873
10 4 0.74611899
11 6 0.81312901
5 6 0.90494812
9 9 0.58811323
12 9 0.57503337
7 8 0.5830367
10 7 0.80306624
6 9 0.72603455
9 5 0.73892226
9 6 0.7238511
10 5 0.76140309
7 6 0.66204349
8 8 0.64330966
9 7 0.8326857
10 6 0.58061194
10 8 0.80550819
7 7 0.45333535
6 8 1.0309495
12 7 0.47895916
7 5 0.72348768
5 7 0.64195047
6 7 0.56827506
10 10 0.77796109
9 7 0.76599284
7 7 0.81225947
7 12 0.44183216
9 3 0.44567021
10 7 0.88145951
7 10 0.75037807
10 8 0.58653705
10 6 0.73433929
8 3 0.50372643
9 0 0.90123868
9 6 0.83885281
9 7 0.77744866
10 8 0.82634841
11 7 0.64772962
8 10 0.80182548
9 7 0.73091303
10 7 0.81925411
9 3 0.69564509
10 8 0.80579792
9 4 0.62580455
8 1 0.62134784
11 5 0.72824805
6 7 0.76131103
8 4 0.56827303
10 2 0.84636545
9 1 0.77508837
8 7 0.55820944
10 5 0.65692617
9 7 0.68293056
9 4 0.74473347
10 8 0.83587033
10 6 0.65198502
7 6 0.59237885
10 3 0.7173729
11 7 0.68656527
11 8 0.66782997
8 8 0.74158227
7 7 0.70845679
10 2 0.62749521
9 11 0.3518131
10 11 0.78492758
8 10 0.4943756
14 8 0.45374981
13 9 0.67934234
7 11 1.0071185
9 5 0.94189591
9 6 0.7551653
8 3 0.74068796
9 4 0.71047361
10 5 0.70909196
10 8 0.67299151
10 6 0.8619025
11 7 0.68717539
9 3 0.66478922
7 6 0.67630541
6 6 0.62792201
6 8 0.62998121
5 7 0.73376008
7 7 0.63968767
7 8 0.66496966
10 11 0.75565359
11 3 0.85979759
9 11 0.57329952
9 6 0.59124394
7 6 0.78961047
9 5 0.53109161
9 7 0.66038292
8 8 0.71459746
7 7 0.71433668
10 7 0.67353363
9 6 0.75619279
9 5 0.67778217
10 8 0.69889441
7 6 0.54795143
10 6 0.73454558
9 4 0.51220102
11 7 0.78656969
10 4 0.55258339
9 3 0.59853856
13 7 0.5944974
10 3 0.87214098
7 8 0.72681172
9 6 0.72847543
10 7 0.74267983
9 5 0.83458718
9 7 0.67291506
10 5 0.6851618
10 8 0.64318009
7 7 0.67238248
10 6 0.73493111
9 9 0.70052489
9 8 0.76597489
8 7 0.78226889
11 6 0.74749386
7 6 0.66187136
11 7 0.70727434
10 4 0.7416079
9 4 0.5753083
10    10 0.6298275
4 6 0.83079755
10 3 0.45852953
9 3 0.63066796
8 10 0.55574015
10 6 0.72114098
10 7 0.76394116
9 5 0.7047062
7 8 0.67548082
9 3 0.65823187
8 11 0.75707621
9 6 0.76636993
10 5 0.64915077
10 7 0.62361145
9 7 0.63252142
9 10 0.81232103
11 6 0.80880085
10 8 0.72390353
9 5 0.75552122
10 6 0.77373813
11 8 0.71835706
11 7 0.72045766
10 10 0.52125721
7 7 0.58344911
8 9 0.74523161
5 6 0.67157689
7 2 0.59050341
8 3 0.71026652
9 7 0.82369224
9 6 0.82043345
10 8 0.47233681
9 9 0.54239895
10 9 0.58469189
9 10 0.70582482
7 7 0.75963808
11 5 0.6697792
12 7 0.61293265
8 11 0.68487274
9 7 0.67518132
9 12 0.91125186
11 6 0.78337437
11 7 0.85639443
12 9 0.49469813
10 0 0.74994617
9 5 0.85762053
8 0 0.93799044
9 6 0.8792704
9 1 0.76385953
9 7 0.86039668
10 5 0.85864747
10 6 0.59440013
10 7 0.77869228
7 7 0.85860616
12 7 0.43449794
11 5 0.68768907
6 7 0.93265917
8 8 0.67136652
11 10 0.51584481
10 8 0.7733655
9 7 0.65750516
10 2 0.67056278
11 5 0.54972415
11 8 0.7826944
12 4 0.50223738
9 5 0.70303563
10 2 0.75864618
9 3 0.62934739
10 7 0.70436456
8 2 0.730436
9 7 0.68036093
10 5 0.65824574
9 6 0.6714788
10 6 0.73975662
11 6 0.71018943
10 4 0.70230917
7 7 0.5641863
9 9 0.60822723
8 8 0.80411141
6 6 0.59310612
7 5 0.8076894
5 6 0.54687304
12 7 0.8191715
9 4 0.72940325
9 5 0.76386857
9 7 0.7608481
10 3 0.6679311
10 5 0.85852217
10 7 0.63345941
11 6 0.66836076
5 6 0.71254287
8 2 0.60128874
7 7 0.82395059
10 2 0.74838024
8 8 0.60202222
9 8 0.74984869
10 11 0.26896844
7 11 0.68602482
9 5 0.69488168
9 6 0.75392258
9 3 0.73133049
10 4 0.63495132
10 5 0.63194934
10 8 0.74911707
9 7 0.53508453
10 7 0.74004263
8 4 0.77582615
10 6 0.65314666
11 7 0.63936736
7 6 0.70544939
11 6 0.78304902
11 5 0.69555463
11 8 0.69271875
8 3 0.65029771
8 8 0.74045643
7 8 0.72228472
10 3 0.79762828
10 9 0.49268729
6 6 0.71239381
9 6 0.77315562
10 5 0.68679462
10 7 0.67852499
9 4 0.72140997
9 7 0.61838429
10 6 0.63093096
10 8 0.66325515
11 6 0.7176443
10 4 0.72410113
7 7 0.69652044
7 6 0.66041945
11 7 0.64741198
11 5 0.74744033
9 9 0.68559953
9 3 0.55980716
13 7 0.76978527
10 9 0.57540722
11 8 0.68947851
12 7 0.6570118
10 3 0.46191408
8 4 0.67012428
6 6 0.68846293
5 6 0.60147322
10 10 0.730393
5 5 0.58561192
11 3 0.85805124
9 11 0.69769467
7 9 0.71077584
8 2 0.60601466
7 3 0.77595257
9 5 0.75465572
9 7 0.75162357
10 5 0.59701621
10 7 0.73085121
10 6 0.72994493
10 8 0.68008638
11 6 0.69575773
7 6 0.68594163
11 7 0.68835718
11 5 0.56041777
9 4 0.70179991
10 4 0.70475211
9 9 0.69282299
8 8 0.69176235
7 8 0.74271046
12 7 0.74010846
10 3 0.61221212
7 5 0.53243168
8 3 0.69603644
4 6 0.66812843
8 2 0.60940243
5 5 0.52767097
8 10 0.71382829
6 8 0.80428885
10 7 0.6957519
9 6 0.8104579
9 5 0.63198926
10 5 0.78249446
10 8 0.69286277
10 6 0.55400752
11 6 0.63573652
7 6 0.76860288
11 7 0.59956459
9 8 0.67333866
10 4 0.72391195
9 9 0.81423256
7 7 0.61155859
6 6 0.66597012
10 10 0.73073585
6 7 0.78754833
6 8 0.61185775
10 3 0.63482205
11 3 0.77748926
9 10 0.71914815
12 9 0.50735126
5 7 0.86912447
8 11 0.29415038
4 6 0.78231638
12 8 0.73401264
12 10 0.51750584
10 0 0.67567344
6 2 0.89762696
7 1 0.57829171
7 11 0.55816441
9 7 0.66098028
10 8 0.65578144
10 7 0.7198321
8 8 0.74352547
10 5 0.66998154
9 5 0.54321523
9 9 0.65850055
7 6 0.70625996
10 6 0.60237032
11 6 0.66605362
11 7 0.66744569
6 7 0.70382973
10 4 0.49466961
9 3 0.92645767
9 2 0.56814529
4 6 0.69689487
10 3 0.42088757
10 9 0.64800466
5 7 0.51110924
4 7 0.7040805
5 6 0.73883755
10 9 0.71576462
9 6 0.60819472
9 5 0.68869495
10 8 0.80843346
9 7 0.64254092
10 7 0.69374243
11 6 0.66851465
8 8 0.67476704
9 4 0.72742878
7 6 0.71722829
9 8 0.67847144
11 8 0.72522304
12 7 0.65981893
11 5 0.82816182
6 7 0.57687521
6 6 0.77395547
7 5 0.66432866
5 7 0.79800019
7 8 0.8376416
12 5 0.6596818
9 2 0.30903913
4 6 0.68066329
5 5 0.89553372
10 2 0.5716892
9 9 0.70117205
9 11 0.66026027
9 6 0.66886353
9 7 0.49525583
10 10 0.78409242
8 10 0.61972723
11 6 0.54780001
10 6 0.71504927
10 11 0.78780719
11 7 0.57683188
8 8 0.52157365
9 4 0.91164956
6 7 0.65631493
7 7 0.62544602
7 5 0.73762875
13 7 0.56290781
13 9 0.59487536
10 3 0.83776555
7 9 0.38617543
13 4 0.82578504
12 8 0.65898594
10 11 0.70660255
10 5 0.62824266
9 5 0.70405224
9 10 0.77264036
9 6 0.70205673
10 8 0.75934629
10 7 0.48634865
9 7 0.79088933
10 10 0.65002152
7 6 0.6354197
10 4 0.72509981
11 6 0.84361385
8 11 0.82695842
7 7 0.79948835
7 6 0.6423248
9 5 0.8905468
9 6 0.82293078
9 7 0.67063271
10 7 0.88106791
11 5 0.87421249
11 7 0.54405276
11 8 0.74895155
8 8 0.74983413
9 9 0.7031814
7 6 0.8963064
9 4 0.6776322
9 3 0.71045873
7 7 0.94716885
13 7 0.65597339
10 4 0.77069332
10 2 0.66984488
10 6 0.66877319
9 7 0.76083681
10 7 0.66445039
9 6 0.74393581
8 3 0.71233701
10 4 0.78853085
9 4 0.61150505
10 8 0.5941897
6 6 0.49871516
9 9 0.60442118
10 3 0.80050069
9 11 0.44436038
7 9 0.58848779
8 10 0.57582013
10 3 0.59982387
9 2 0.72101156
9 6 0.64372881
9 5 0.78459305
11 2 0.69192462
10 7 0.55798186
9 7 0.71207542
10 6 0.62028433
10 1 0.70600617
10 8 0.67971555
11 6 0.5460291
10 5 0.86830792
10 4 0.84089465
11 5 0.71848084
7 6 0.59598263
8 8 0.87650716
7 7 0.82960917
11 1 0.48337817
9 6 0.68107816
11 3 0.68727822
10 2 0.67086794
9 5 0.82552338
9 3 0.6301257
10 4 0.77325354
10 5 0.81838057
10 7 0.70348557
9 7 0.69318959
11 7 0.73810231
7 6 0.62382107
10 6 0.62197159
8 3 0.56228425
12 7 0.81129688
8 8 0.61043157
11 6 0.57937821
10 9 0.93460375
6 6 0.63072006
10 5 0.76433856
9 5 0.68217166
9 6 0.87830155
9 4 0.69523987
9 7 0.50480298
11 5 0.72155677
10 3 0.60453108
10 7 0.73245486
10 8 0.79803569
11 6 0.6056991
10 6 0.6707565
7 6 0.82563288
9 3 0.74122304
7 7 0.83694364
8 8 0.75953429
11 7 0.80096428
7 8 0.76504529
11 3 0.55218559
6 8 0.58816569
5 7 0.76123485
13 7 0.6016985
10 11 0.92210065
8 3 0.43331195
12 8 0.41912514
9 8 0.67241449
4 7 0.91000693
11 2 0.19115625
3 6 0.74119769
11 1 0.74888434
6 9 0.75497728
9 5 0.73696565
9 6 0.77507035
10 7 0.72067053
9 7 0.67469549
10 4 0.79355364
11 5 0.69986123
10 6 0.64842999
11 6 0.74123871
10 8 0.77716403
11 7 0.71747055
7 6 0.67494513
11 8 0.56639184
9 4 0.63863881
7 5 0.73844238
9 3 0.75612033
9 9 0.57981944
12 7 0.73924618
8 8 0.75077117
6 6 0.649138
7 7 0.76603362
7 8 0.69106318
10 3 0.7983958
10 9 0.63317154
10 10 0.58371998
9 11 0.74860785
8 3 0.65973559
6 7 0.59783383
9 8 0.6273458
5 6 0.70945203
12 9 0.71274897
10 7 0.67742922
9 6 0.7226067
9 5 0.72318119
10 5 0.72738421
11 6 0.64305875
9 7 0.77938331
10 8 0.58611832
11 7 0.6468593
11 5 0.78526251
7 6 0.72439203
11 8 0.64764638
7 7 0.67932789
9 9 0.5721557
8 8 0.69416062
9 4 0.74074846
12 7 0.56687701
10 9 0.77475563
7 8 0.69209106
6 6 0.74886258
9 3 0.70813603
7 5 0.6112424
5 6 0.80077404
12 5 0.525532
8 3 0.57833823
7 9 0.68295241
7 3 0.61536413
12 11 0.72982175
9 7 0.75588316
10 8 0.7185242
9 6 0.64908468
9 5 0.80147778
10 6 0.67588232
11 7 0.68433477
10 5 0.64128914
11 6 0.73458774
11 8 0.68855995
8 8 0.64693194
7 7 0.73111224
10 9 0.61431637
12 7 0.68592817
9 4 0.76140744
7 8 0.5908657
9 3 0.74527987
6 6 0.74879652
10 4 0.54622979
7 5 0.65030702
10 10 0.73599053
6 7 0.74118453
10 3 0.65631277
8 3 0.80404745
9 2 0.6240971
7 3 0.81690702
4 6 0.59793544
6 9 0.54251796
12 9 0.64640581
12 8 0.82851348
14 7 0.71007273
5 5 0.55096514
4 7 0.9013665
9 0 0.62521104
10 7 0.6941704
11 8 0.6901414
9 5 0.69042327
9 6 0.70776956
9 7 0.64387461
10 5 0.64144364
10 9 0.69960824
9 9 0.59431785
11 7 0.71783911
9 8 0.76761451
10 6 0.67933208
9 4 0.52673732
11 6 0.68489746
11 5 0.72016508
7 6 0.66530205
8 8 0.70054546
9 3 0.5991102
7 7 0.67822975
8 10 0.82015825
6 7 0.68239526
4 6 0.51110787
12 4 0.64229056
13 4 0.80498406
11 2 0.61349383
10 8 0.6157715
9 9 0.70966863
9 5 0.7171742
10 10 0.63530686
10 7 0.66794052
11 9 0.72716877
9 6 0.75633809
9 7 0.49138404
10 5 0.75928126
10 6 0.71289996
7 7 0.54879796
11 7 0.69158248
11 6 0.84222765
12 7 0.75481434
7 8 0.61311908
11 5 0.60208458
12 5 0.46933184
10 3 0.9094015
10 9 0.67843816
9 6 0.63863586
11 10 0.66179458
9 5 0.7533334
9 7 0.62307638
10 7 0.72803154
10 5 0.69795472
10 11 0.73168308
10 8 0.54334665
9 10 0.71534151
11 6 0.45255484
9 11 0.78427314
11 7 0.61867576
8 8 0.73991472
9 9 0.75384141
9 4 0.5678353
7 7 0.67391732
10 4 0.76672131
12 7 0.75325941
5 6 0.6346019
5 7 0.58032362
4 7 0.535704
9 8 0.75250522
3 6 0.60069716
10 7 0.62935929
9 7 0.70315189
9 6 0.7384695
10 8 0.72455795
9 5 0.70439362
10 5 0.80491451
9 9 0.88652477
9 10 0.56370516
10 4 0.86077971
9 4 0.58868886
10 9 0.80720569
6 6 0.70377342
9 3 0.54753435
7 7 0.82445451
11 3 0.77414375
8 4 0.57419553
8 3 0.98119011
7 9 0.07816557
10 7 0.90374823
9 6 0.69757705
10 8 0.74408366
6 6 0.74004749
5 7 0.88449336
9 3 0.68399143
9 5 0.76340268
10 5 0.81474828
10 7 0.6025447
10 6 0.80866418
10 2 0.71943861
12 2 0.66517419
11 6 0.76252003
9 4 0.77843466
10 4 0.63624796
4 6 0.69344907
3 6 0.75006939
6 8 0.84840371
6 7 0.84807722
9 11 0.7567159
7 3 0.5700458
9 5 0.63738985
10 2 0.70999507
10 7 0.67832422
10 5 0.67293151
9 6 0.74237257
10 6 0.67522937
10 8 0.85787521
9 4 0.64324785
11 5 0.58395393
11 7 0.65942759
10 4 0.70721702
7 6 0.84201198
9 7 0.78288635
9 6 0.73305508
10 7 0.5938195
10 8 0.79514982
10 5 0.50490111
10 4 0.70190399
11 6 0.72765073
11 7 0.69926424
12 3 0.67078502
12 7 0.76166166
9 2 0.56026563
6 6 0.77855513
9 10 0.61135411
6 7 0.62522345
5 5 0.66650217
11 5 0.63197124
10 5 0.58751288
12 4 0.82245406
10 6 0.73905343
10 3 0.57586386
11 7 0.72140211
10 5 0.68877221
9 6 0.76005696
11 6 0.65832684
10 7 0.80982042
9 5 0.79792014
9 7 0.75864112
10 6 0.77017178
10 8 0.68018955
10 4 0.60920253
12 5 0.86711
12 7 0.54509703
9 4 0.55636061
11 7 0.68068907
11 8 0.68782117
13 7 0.60551349
7 7 0.66859624
9 2 0.61625984
9 9 0.59998347
10 2 0.79802761
7 8 0.63090097
6 7 0.677915
7 3 0.87706884
7 5 0.78278702
11 2 0.48400425
4 7 0.68255648
5 5 0.69890588
9 0 0.81427293
7 2 0.74466723
8 2 0.64057373
12 2 0.75418218
9 5 0.75164366
10 5 0.6988494
11 7 0.71963646
9 6 0.66039431
10 7 0.7647529
10 6 0.68755182
9 7 0.76086389
11 5 0.61636087
10 8 0.63066057
11 8 0.74993785
9 9 0.54915818
7 6 0.58345074
9 4 0.66431854
7 7 0.76156628
8 8 0.66806749
10 4 0.5116531
6 6 0.71146199
7 5 0.84139724
12 7 0.62165763
13 7 0.76288052
12 5 0.72955352
7 8 0.4715109
5 6 0.73874304
10 2 0.79375162
4 7 0.73405281
9 8 0.70113572
14 7 0.6565913
7 1 0.9220725
6 2 0.78215309
14 4 0.28978815
10 7 0.75885489
11 6 0.66979521
11 8 0.65490194
9 6 0.69305525
9 5 0.79506444
9 7 0.81631049
10 5 0.83048506
10 8 0.58793437
12 7 0.65537373
10 6 0.64909436
7 6 0.71787691
9 4 0.61964874
7 8 0.76198856
10 4 0.53565415
10 3 0.82076663
5 5 0.55922235
11 3 0.757973
6 7 0.79049456
12 9 0.74814059
9 10 0.86325049
9 8 0.3776677
13 9 0.84475703
12 4 0.68152593
11 2 0.31041046
10 8 0.58372285
11 7 0.75654297
10 7 0.68666812
11 9 0.74633154
10 5 0.73948418
9 5 0.67171149
9 6 0.72419686
9 7 0.64708171
12 8 0.63173239
10 6 0.60359604
11 6 0.80827108
12 9 0.7058914
9 4 0.7050705
12 7 0.61738158
7 6 0.74548657
8 8 0.70210565
7 8 0.79095339
12 5 0.65624924
8 3 0.87978351
6 6 0.62028704
8 10 0.54994349
9 11 0.6350417
4 6 0.68708652
7 3 0.82449598
11 8 0.6423638
12 9 0.87397545
10 9 0.82759761
9 6 0.75689188
11 10 0.69369517
10 8 0.64657458
9 5 0.74922404
9 7 0.68675027
10 6 0.67222981
10 7 0.64399145
10 5 0.54691362
11 7 0.79858488
8 8 0.82989191
9 4 0.56407958
7 6 0.76209078
7 8 0.7135095
7 7 0.56779675
6 8 0.80909468
4 6 0.66907005
4 7 0.70994062
10 0 0.65733894
11 11 0.78792638
9 5 0.87210428
9 6 0.71657309
9 7 0.60824181
10 7 0.77886383
10 8 0.71730621
11 5 0.67979812
10 5 0.76671117
8 3 0.65553706
9 5 0.80327992
9 6 0.72068648
11 8 0.77369787
11 2 0.6722023
9 6 0.66138497
12 3 0.6958485
9 7 0.70711247
10 8 0.79756293
13 2 0.60949477
7 3 0.71368962
7 6 0.73269027
10 9 0.74509291
12 2 0.54385681
11 3 0.81688344
10 5 0.72041323
9 5 0.40215666
13 3 0.83856739
11 6 0.85100804
10 6 0.54783615
6 7 0.7052562
9 9 0.62520745
10 5 0.92131466
10 8 0.67989362
11 6 0.57277896
10 7 0.49987305
11 7 0.60599244
12 7 0.76033191
11 3 0.43635953
10 4 0.8075768
11 4 0.61790511
11 5 0.74189592
9 6 0.71691636
9 5 0.63855038
10 7 0.7441046
10 8 0.76139612
11 6 0.6627173
10 5 0.65052605
10 6 0.61910023
12 4 0.76538598
9 9 0.71675012
8 8 0.51377996
12 7 0.87057159
10 2 0.66576477
7 8 0.82861943
5 6 0.35683045
11 6 0.84221669
9 5 0.77546746
12 7 0.76576696
10 7 0.60452348
9 7 0.60985575
11 7 0.82662134
10 4 0.76008423
8 8 0.70821907
10 6 0.62586393
10 5 0.70227884
10 2 0.63884966
12 5 0.7701195
13 7 0.82857015
9 9 0.84762172
5 5 0.58375076
9 8 0.67324289
10 10 0.68249313
8 11 0.30332447
13 7 0.80095417
9 6 0.72675979
9 5 0.6374366
11 7 0.73693929
10 7 0.69554042
10 5 0.75627172
9 7 0.72087029
10 8 0.64912799
10 6 0.73656857
11 5 0.8171885
11 8 0.61386702
11 6 0.69439701
12 8 0.8251391
9 4 0.74819493
6 7 0.62542064
7 7 0.65819205
8 3 0.54105987
5 6 0.82669102
11 8 0.54562258
12 9 0.83597908
12 7 0.88036543
10 7 0.50510497
9 7 0.7294976
10 5 0.72156509
9 6 0.66353439
10 4 0.66104365
13 7 0.66668803
9 4 0.73616381
10 8 0.68359626
7 7 0.68866388
9 5 0.97628654
11 8 0.57630519
10 5 0.79423934
12 8 0.88348097
9 7 0.6185259
10 8 0.59864819
10 6 0.72543724
10 7 0.70564554
12 7 0.70382113
13 7 0.73991332
11 7 0.63535197
7 6 0.76713163
5 6 0.73758687
5 7 0.60260125
13 10 0.60168672
10 9 0.47033443
10 10 0.70158589
9 11 0.57046687
12 11 0.66545027
9 7 0.73798145
9 5 0.73185207
11 6 0.70507915
10 5 0.69470824
7 6 0.71171888
11 5 0.69429548
13 7 0.77417946
13 11 0.69077207
10 9 0.41262885
12 5 0.72245848
12 8 0.74984451
12 12 0.52754141
13 11 0.93093131
12 10 0.64720101
9 5 0.83376743
9 7 0.60443697
10 6 0.74402043
11 5 0.76002876
7 3 0.88305986
9 3 0.82712048
11 7 0.65601875
11 5 0.72628681
9 9 0.59996725
7 6 0.44834701
13 7 0.72318111
8 8 0.60494126
9 5 0.82585779
9 7 0.84439486
10 3 0.41451943
10 8 0.5977265
11 8 0.7454499
10 4 0.61575161
9 6 0.7033368
9 5 0.8485916
10 7 0.77148746
10 8 0.73834457
10 5 0.59999902
11 6 0.63413223
7 6 0.80032689
10 6 0.72825268
10 10 0.65883436
11 3 0.56027509
9 10 0.66894289
10 9 0.60416104
13 4 0.34388817
10 7 0.82321618
10 6 0.57352705
13 7 0.74467748
9 6 0.78378808
9 5 0.54106843
10 5 0.59451427
10 8 0.76925028
9 7 0.41991666
9 5 0.93785136
12 7 0.48236078
9 7 0.64076907
9 6 0.64629809
10 7 0.70226182
10 5 0.75131131
11 7 0.75497925
11 5 0.64080324
14 7 0.67780144
11 6 0.61999924
10 8 0.80550987
10 9 0.68158466
7 7 0.75166923
8 8 0.67900784
10 4 0.68121468
7 6 0.52529633
12 9 0.80770732
9 3 0.82082736
8 7 0.85210567
4 6 0.66959644
11 11 0.63720936
9 6 0.81032901
10 8 0.61618583
10 6 0.76182681
11 7 0.7410459
11 6 0.79348839
7 6 0.59128727
11 8 0.61143214
10 9 0.70352619
11 5 0.58169201
9 10 0.89285679
13 7 0.56448754
7 8 0.59719124
8 3 0.76932519
6 6 0.78228928
9 8 0.32284396
10 7 0.89241852
9 5 0.4701107
12 9 0.9921704
9 9 0.68217159
11 5 0.40214253
13 7 0.77184824
13 12 0.78678887
14 11 0.88102776
12 11 0.63418301
10 6 0.76673938
11 6 0.76978341
10 7 0.72949083
7 5 0.52184769
7 7 0.74497568
10 4 0.65285312
13 11 0.74259284
12 12 0.88845214
14 11 0.67757569
9 5 0.90333236
10 5 0.91152499
15 3 0.38871002
9 6 0.69875362
10 7 0.5206942
14 5 0.90126126
10 6 0.60769353
11 6 0.78149111
11 9 0.71595129
14 7 0.64144619
10 5 0.57574952
11 8 0.68358537
13 7 0.79549876
9 6 0.73170028
10 7 0.61746836
9 4 0.7594827
7 8 0.46564924
14 6 0.80425594
10 9 0.55822451
11 9 0.48581781
9 3 0.79001283
5 6 0.85272564
7 7 0.61809271
13 2 0.76253928
9 7 0.7232646
9 5 0.74385633
14 7 0.80994434
11 6 0.6931821
10 6 0.87999444
11 7 0.5984836
14 8 0.674266
10 7 0.62857516
11 7 0.83690494
9 7 0.67855724
11 8 0.7254339
12 9 0.62776013
5 6 0.23528185
10 10 0.77698586
9 4 0.59379014
15 10 0.703478
10 5 0.48897929
10 7 0.78236204
10 6 0.79557417
10 8 0.53676334
11 6 0.73231599
9 6 0.737265
9 9 0.86895201
13 12 0.38397568
10 6 0.61327017
10 9 0.66914714
11 9 0.60367114
15 1 0.90240441
16 0 0.75731377
14 0 0.88045281
16 7 0.71872928
15 8 0.54111876
10 7 0.66671467
7 6 0.59901602
7 5 0.68816504
9 9 0.72417565
9 6 0.81662884
9 7 0.43868742
15 7 0.78647798
10 6 0.44027485
7 8 0.74040738
5 5 0.92330875
10 4 0.94858115
13 7 0.65757635
11 7 0.25744119
11 5 0.86774516
9 9 0.33464647
13 9 0.81707835
16 6 0.66677238
17 5 0.75171558
16 4 0.65376588
10 7 0.85688583
10 8 0.63186613
15 5 0.75828212
9 7 0.74084093
10 7 0.6858146
7 6 0.81784734
10 6 0.80560779
10 5 0.4254564
17 6 0.86801677
10 6 0.55268473
11 5 0.66602956
7 6 0.71340763
10 7 0.69143625
9 9 0.61916399
8 8 0.67435118
9 5 0.80459051
16 6 0.64988846
17 6 0.69499937
16 6 0.49416982
17 5 0.6645404
17 7 0.74081739
16 6 0.90934584
9 5 0.83299527
10 7 0.63452728
17 9 0.75392338
9 6 0.47947251
9 7 0.87887023
11 7 0.38469625
10 9 0.67278059
7 6 0.68222261
18 9 0.84812557
17 9 0.57818758
9 6 0.69782944
18 8 0.58907283
17 9 0.80654341
19 9 0.6877145
19 6 0.66877889
18 7 0.62291368
19 8 0.8046742
19 9 0.41387278
18 10 0.87322092
19 11 0.68633781
